1 2 3 5 4 7 9 8 6 10 
1 2 3 5 4 6 8 9 10 7 
1 2 3 4 5 6 8 10 7 9 
1 2 3 4 5 6 8 7 10 9 
1 2 4 3 6 5 8 9 10 7 
1 2 4 6 8 3 7 5 9 10 
1 2 3 4 5 6 8 10 7 9 
1 3 2 4 6 8 10 9 7 5 
1 2 3 5 4 7 8 9 6 10 
1 2 3 4 9 5 6 7 8 10 
1 2 3 5 4 7 6 9 10 8 
1 2 4 3 5 7 9 6 8 10 
1 2 3 5 4 7 6 10 9 8 
1 2 3 4 5 6 10 8 7 9 
1 2 3 4 6 5 9 8 10 7 
1 2 3 5 4 7 10 9 6 8 
1 2 3 4 5 6 9 10 8 7 
1 2 3 5 4 6 8 9 7 10 
1 2 3 4 5 6 8 10 7 9 
1 2 3 5 4 7 8 9 6 10 
1 2 3 4 5 6 7 10 8 9 
1 2 3 4 5 6 7 8 10 9 
1 2 3 4 8 6 7 9 10 5 
1 2 3 5 7 9 4 8 10 6 
1 2 3 4 5 8 7 6 10 9 
1 2 3 5 4 6 9 7 8 10 
1 2 3 4 5 8 7 10 9 6 
1 3 2 5 7 4 9 8 6 10 
1 2 3 5 4 6 8 9 10 7 
1 3 2 4 8 9 5 7 6 10 
1 2 3 6 4 5 9 10 8 7 
1 3 5 2 4 8 9 10 7 6 
1 2 3 4 5 7 8 9 6 10 
1 2 3 4 5 6 7 8 10 9 
1 2 3 5 4 10 6 7 8 9 
1 2 4 3 5 7 9 8 6 10 
1 2 3 4 5 6 9 7 8 10 
1 3 2 4 5 7 10 6 8 9 
1 2 3 4 8 5 6 7 10 9 
1 2 3 4 5 6 9 10 8 7 
1 2 3 4 6 5 8 10 7 9 
1 2 3 4 5 7 9 8 10 6 
1 3 2 4 5 6 8 9 10 7 
1 2 3 4 5 7 6 8 10 9 
1 2 3 4 6 5 7 8 10 9 
1 2 3 4 6 5 7 10 8 9 
1 3 2 5 4 6 7 9 8 10 
1 2 3 5 4 6 7 8 9 10 
1 2 3 5 4 6 7 8 9 10 
1 2 3 5 4 7 6 10 8 9 
1 2 3 4 5 8 9 6 10 7 
1 2 3 4 5 8 7 10 6 9 
1 2 3 4 5 6 7 8 10 9 
1 2 3 4 5 6 7 8 10 9 
1 2 3 4 5 8 9 6 10 7 
1 2 3 4 5 7 8 6 9 10 
1 2 3 4 6 8 7 10 5 9 
1 2 3 4 5 6 7 10 8 9 
1 3 2 4 8 6 5 10 7 9 
1 2 3 6 4 8 5 9 10 7 
1 2 4 6 8 3 9 5 10 7 
1 2 3 5 4 6 7 8 9 10 
1 2 3 5 4 9 6 8 10 7 
1 2 3 4 5 8 9 7 10 6 
1 2 4 3 5 6 8 7 10 9 
1 2 3 4 6 5 9 8 10 7 
1 2 4 3 5 7 6 10 8 9 
1 2 3 4 5 10 7 6 8 9 
1 2 3 4 6 5 7 9 8 10 
1 3 2 4 8 5 7 9 6 10 
1 3 2 4 5 7 6 9 8 10 
1 2 3 5 4 7 6 9 10 8 
1 2 3 5 4 7 9 8 6 10 
1 2 3 4 5 6 8 7 9 10 
1 2 3 5 4 9 8 10 6 7 
1 2 3 4 5 6 8 7 9 10 
1 2 3 4 6 5 8 7 10 9 
1 2 3 4 5 6 7 9 8 10 
1 2 3 4 5 10 9 6 7 8 
1 3 2 4 5 7 8 6 10 9 
1 2 3 5 7 4 6 8 10 9 
1 2 3 4 5 6 7 9 8 10 
1 2 3 4 5 6 9 8 7 10 
1 3 2 4 5 8 10 6 7 9 
1 2 3 4 5 8 6 9 10 7 
1 3 2 4 5 7 8 10 6 9 
1 2 3 4 8 5 6 7 9 10 
1 2 3 4 5 7 6 9 8 10 
1 3 2 4 5 6 8 10 7 9 
1 2 3 4 5 6 8 7 10 9 
1 2 3 5 4 6 7 8 9 10 
1 2 3 4 6 8 10 9 7 5 
1 2 3 4 5 7 9 6 8 10 
1 2 3 5 4 6 8 10 7 9 
1 2 3 5 4 10 9 6 8 7 
1 2 4 6 3 5 9 8 10 7 
1 2 3 4 5 6 8 9 10 7 
1 2 4 3 5 7 9 6 8 10 
1 2 3 4 5 6 8 7 9 10 
1 2 4 3 5 6 10 8 7 9 
