28 246
1 2
1 3
1 4
1 6
1 8
1 10
1 11
1 12
1 14
1 17
1 18
1 19
1 20
1 21
1 23
1 24
1 25
1 26
1 27
2 3
2 4
2 5
2 7
2 9
2 10
2 11
2 13
2 14
2 15
2 17
2 18
2 20
2 22
2 23
2 25
2 27
2 28
3 4
3 5
3 6
3 7
3 10
3 11
3 12
3 13
3 16
3 18
3 19
3 20
3 21
3 22
3 24
3 27
3 28
4 5
4 6
4 9
4 12
4 14
4 15
4 17
4 18
4 21
4 22
4 23
4 24
4 25
4 26
4 27
4 28
5 6
5 7
5 8
5 9
5 10
5 11
5 13
5 14
5 15
5 16
5 17
5 20
5 21
5 23
5 25
5 26
5 27
6 7
6 9
6 10
6 12
6 14
6 16
6 17
6 20
6 23
6 24
6 26
6 27
6 28
7 8
7 9
7 11
7 12
7 14
7 15
7 17
7 18
7 19
7 22
7 23
7 24
7 25
7 26
7 27
7 28
8 10
8 13
8 14
8 16
8 17
8 18
8 21
8 22
8 23
8 24
8 25
8 26
8 27
9 10
9 11
9 15
9 16
9 18
9 20
9 21
9 22
9 23
9 24
9 27
9 28
10 11
10 14
10 15
10 18
10 19
10 20
10 21
10 22
10 24
10 25
10 28
11 12
11 13
11 14
11 15
11 17
11 18
11 20
11 21
11 23
11 24
11 27
11 28
12 13
12 16
12 18
12 19
12 20
12 22
12 23
12 24
12 25
12 26
12 28
13 17
13 18
13 22
13 24
14 16
14 17
14 18
14 19
14 20
14 21
14 22
14 25
14 28
15 16
15 18
15 20
15 23
15 24
15 25
15 27
15 28
16 17
16 18
16 19
16 20
16 21
16 24
16 25
16 26
16 27
16 28
17 19
17 20
17 21
17 23
17 24
17 25
17 27
18 19
18 20
18 23
18 25
18 26
19 21
19 22
19 23
19 25
19 26
19 27
20 21
20 22
20 25
20 28
21 22
21 24
21 25
21 26
21 27
21 28
22 27
23 24
23 26
23 27
23 28
24 25
24 26
24 27
24 28
25 26
26 27
26 28
